325843053
252704878
57407600
14415987
101447799
1155266683
45873276
477886587
816115076973268992
802524787926962176
729129127903563776
1489803086495289344
801573716517785600
805867788623482881
801734645066829825
746890271690919937
1456564879624572928
1490799755105996800
1376620987349798914
732062573223284738
1364737510488739842
1354211775751720962
19658895
1468345904184758275
1399426364474724355
1432566599962136579
235665553
2989226131
1408979238535892996
296482966
1349038639511048195
1050671256
25950355
1439297437668020229
1442126001845112837
322697372
1453052416983633925
736250687839866885
28047528
547092649
41679019
57407660
90962092
19658936
144439484
56359115
34339023
124516559
94886113
2453403876
16513255
191625450
1482938604
175896815
2853959920
2171336947
334231795
15464697
17561850
14416124
16513277
1447410006261964800
1518679303298424832
3315333380
32241930
362543375
19659031
1657272600
155973915
47970592
45873440
47446314
771488048
1072429364
506198324
448526646
16513335
1906047288
94107976
980932946
2393635154
205257044
225179992
570161497
2955671900
21756260
120322406
551459178
1694185842
349960565
1155266935
4481341822
839269475866193920
954451758486466560
22804865
845809027967692801
16513416
520878475
2717596045
25680273
105642389
22804887
3930521
3330013594
20707741
14416288
2276907426
593230243
31365541
824304843095441408
2659973544
226228655
122419634
20707765
104593854
322697664
58710472
3514563016
67893707
3228301772
24902092
2183395790
198965715
28047827
316578266
39582174
19659231
22976992
906754526
96205284
2830891500
208656880
627833333
64748024
1080342704196894720
93059585
1235959753702064128
1244336294592987136
35387909
1076552771183263745
4867226121
3168795151
3299605008
836043930202488836
492567065
1833501
3379296801
560724515
57408038
2201745967
284949044
181140029
532412990
71039553
1707866690
3008100938
87816787
40327767
809208224138350592
966193863483412480
814682400894701568
243006045
100399710
2758539874
15981158
52165222
976673389
979556651702374401
24902260
3350985333
17300083
162265720
10222202
20707966
64748159
1167129413311352832
782691904752275456
1120828432131117056
765341189545480193
459012745
3246078611
1260124819
1154430113871646724
59505304
601619098
418118312
128711336
46922410
2915039912
337377979
382466755
1541143237
43244231
10222282
20708051
184285910
109837021
1905261277
370932447
790616804
13368042
127130348
237763317
1332476665
322697979
776242512197541888
1172799623154589696
879667049894731776
1242569664007462912
904825692612943872
1139984182904578049
785477259234861056
225180424
761178730865844224
1183346044282822657
1153308723420553218
93059852
890738182702194689
2458639118
2443967246
2942819091
195820315
2573982500
18602791
1177287474
334232384
561773382
33545031
31193927
281803595
26999628
52165467
56531805
373029727
25951078
45874023
408681320
22805353
20708202
3349937001
206306156
3316382571
2789997422
226229116
452721532
25951102
1385276333954002945
1347699823219142657
2150366088
1325132558682648578
14678924
1395896968027664387
334232465
31194003
57408403
826535662853648388
1483471764
607910807
22805404
188480414
237763489
20708260
718138949676339200
1110121515868000256
4775213994
166189997
33291184
275250098
524024759
3686529976
55311291
121371581
3965451198
360176585
20708300
2308701139
2168191960
3711695837
454818788
413924325
16514022
50068456
1678244840
534510572
1225522158
141294576
621542385
123993074
168549364
1717304310
180091895
1061007706142769152
1269496313248448512
819271530886692864
1039902417666670592
761006280014266368
1057360616577531905
1055882392580358145
820652984522735616
792451493270093825
18496515
819309126975193090
822591749013078018
155450384
19659797
13368342
205257753
3318209563
240401436
25418783
50068515
613153827
55311398
2171337768
1191743730665033728
2650537003
1152328201609318400
51117102
22805553
310369333
2649488437
15465527
18611256
352058423
23854138
250346555
57408573
30145597
3073104960
2755394625
3109813315
1250838964421955585
398195787
49798221
2752248910
1491860563
30145621
451927126
29097050
22805603
45874278
898882663
52165737
2463620203
219937906
526122099
2428238966
946601078
1316501062321278976
67099778
2784754819
17562763
2733374604
1348504116016812035
232520849
1946942610
1342962836
2335964312
20708511
180092066
2330721445
3367763111
196869292
4866956463
1341914288
2405170354
509344954
356252865
114031812
882638022
186113224
431750347
107740369
257686741
100400341
2855263452
1234959583
19660001
1483472102
4420001009
145489137
1216085239
3528981751
23854335
1487781273330491392
876091408704315392
1518741781747310592
1553507647927853056
851223064876654592
1567228664642772993
1032808023310442497
882638084
149683460
19660039
2413559052
135003404
1499034659317063683
33021201
1388480592652771332
74186014
27000095
22805792
1653333282
333446436
3065765171
2918972724
32242999
87817527
50068793
14417215
400293191
16514376
177995084
478403918
3395026257
785747
59506008
326892889
2345401691
27000155
14417243
3547061601
24370531
364641641
961453424
1263271280
2997615987
168557941
46923131
794557820
17300862
1862008201
121372044
371981714
84147605
20708761
43777437
2495348131
2804678059
32243123
2515271101
18611648
297532865
147586500
184286662
414973382
19660232
169606602
16514511
191626705
474471893
52166102
374078935
74178008
310115801
10223072
71040481
811335150
158072303
24903155
338427379
16514549
2483813880
50326660
498859519
74186243
3992444420
1556077147068022785
4893441543
3305897480
878444040
464256523
50069007
27000344
846046072954929157
513539612
39583267
16514595
1272708643
627834412
272621101
459791918
1733033516
25951788
1244397108
36437558
4828429879
1350303290
835968571
55311933
2786852414
881589822
3262905926
15466056
127663699
146538068
487325269
1318846040
218889817
827317860
19660388
3295411813
28049003
2235563631
34340464
2440822385
943455858
4332453497
419692154
938797215665082368
1493380228122660864
1029149448386105344
171703931
17563262
252444287
989610572713938944
592182913
14536705
828112519
111935114
15466126
1291583125
17563292
1589378725
339476134
17563304
576454313
17563305
4773904043
136052396
888929970
24903350
118226616
2596011707
4787535556
61603529
21233355
627834573
189529805
2623274703
16514768
87817943
2471231191
2551176926
349142752
12320482
1409023716
21757670
22806248
24641260
17563380
1868300024
322699008
1104003832399519744
977881986357518336
935580612605501440
1009808261934211072
1188951190765297664
1088178314953613313
59506440
1720450825
1150906738037743618
18611979
2873884427
518790928
31194905
2604662553
341040923
73137948
63930141
1055653662
38534942
1563164448
1072430881
1362886440
55574327
239861560
521928505
552337227
1671167822
63700815
29097819
150724444
850132830
18612063
119471968
366739297
976315739501195264
309804899
34340707
1010972034623565824
19660646
1013481533280317440
21757802
28049266
1221328758
3908517755
605814651
1453064060
1156317055
194772868
54968197
35389327
19660689
15466386
1565522724079943680
805488239448571904
830802784509378560
714634865950474240
538705816
797622448455827456
27000730
1367643495104659456
56360861
63954847
2151415712
73138085
20709292
524730286
938213294
1528561590
452722615
3086745538
56360899
543948739
2305818565
66846662
1550132104314294272
963264545077723136
745262591153405952
881094880038092800
876468942562263040
64749514
311164882
21757906
1622933460
620232662
204210137
945553369
4157341666
822303401098678273
1401625147358908417
20701157
280756200
2902196204
1064042478
925630458
56623099
731643902